0
5
8
15
16
20
21
22
34
35
36
39
40
41
44
52
54
62
71
77
78
81
84
85
88
91
92
104
106
109
111
115
123
124
128
136
141
142
143
151
158
160
175
179
181
182
184
189
190
191
204
213
218
219
222
223
226
234
237
242
243
249
261
275
281
285
292
297
298
304
308
312
313
332
333
336
339
345
347
354
355
365
370
372
373
378
399
400
406
415
416
417
419
430
434
439
442
450
457
458
459
460
470
476
477
478
487
492
494
498
500
501
506
510
511
513
522
523
525
526
527
528
531
533
538
539
548
556
562
568
570
571
574
576
578
583
590
592
593
595
596
598
599
601
604
605
607
633
646
658
662
668
682
716
718
722
724
736
749
770
776
821
830
842
853
859
868
887
900
914
919
931
957
959
974
982
991
992
997
999
1001
1004
1007
1014
1051
1058
1073
1088
1099
1104
1120
1122
1134
1174
1185
1201
1208
1214
1236
1246
1255
1263
1269
1274
1301
1312
1327
1336
1346
1351
1358
1362
1365
1369
1383
1388
1400
1409
1419
1428
1429
1470
1479
1482
1500
1507
1514
1515
1522
1527
1531
1537
1538
1541
1543
1546
1556
1557
1558
1567
1573
1582
1587
1594
1614
1615
1620
1622
1631
1641
1647
1648
1650
1651
1657
1662
1674
1684
1706
1708
1711
1727
1735
1738
1739
1747
1759
1762
1763
1767
1768
1769
1777
1780
1783
1786
1798
1800
1807
1810
1813
1816
1826
1841
1843
1848
1851
1853
1867
1873
1888
1889
1890
1893
1898
1925
1933
1940
1942
1945
1949
1956
1960
1969
1972
1973
1976
1981
1999
2001
2007
2009
2014
2024
2028
2048
2065
2066
2080
2081
2082
2105
2126
2153
2164
2168
2169
2196
2197
2200
2220
2221
2225
2233
2235
2242
2245
2255
2263
2268
2275
2283
2326
2328
2329
2350
2357
2366
2407
2412
2414
2433
2434
2439
2454
2458
2481
2487
2489
2491
2500
2502
2512
2514
2524
2531
2533
2537
2541
2542
2555
2578
2587
2591
2603
2611
2612
2613
2620
2622
2629
2631
2633
2658
2659
2662
2676
2699
2704
2705
2718
2733
2736
2737
2738
2745
2747
2748
2755
2760
2766
2776
2791
2796
2798
2805
2806
2810
2816
2822
2827
2829
2836
2846
2847
2852
2859
2865
2868
2869
2875
2877
2882
2883
2884
2902
2913
2914
2917
2922
2927
2934
2940
2947
2960
2963
2964
2968
2969
2972
3003
3004
3005
3011
3022
3043
3045
3046
3051
3054
3058
3060
3070
3082
3090
3092
3098
3100
3102
3108
3118
3121
3122
3123
3126
3129
3132
3138
3140
3141
3145
3158
3162
3165
3166
3169
3185
3186
3195
3199
3200
3207
3210
3214
3225
3229
3233
3235
3236
3242
3245
3250
3265
3266
3267
3279
3288
3294
3302
3305
3314
3317
3331
3344
3345
3350
3351
3353
3354
3362
3368
3372
3376
3379
3380
3399
3400
3401
3417
3422
3426
3433
3440
3441
3447
3451
3452
3453
3462
3463
3464
3478
3480
3483
3485
3490
3492
3498
3505
3522
3526
3528
3529
3543
3550
3553
3555
3563
3574
3578
3597
3598
3602
3625
3661
3663
3668
3673
3675
3697
3698
3703
3708
3711
3720
3727
3730
3736
3741
3750
3753
3760
3774
3777
3791
3793
3800
3805
3818
3824
3830
3835
3842
3853
3855
3857
3866
3869
3870
3885
3888
3890
3901
3906
3934
3944
3965
3973
3975
3985
3998
3999
4010
4039
4056
4066
4072
4078
4080
4082
4103
4110
4113
4128
4135
4149
4161
4192
4196
4199
4206
4236
4237
4242
4243
4251
4260
4302
4308
4311
4320
4330
4331
4332
4342
4345
4348
4349
4352
4355
4358
4359
4362
4363
4367
4368
4370
4378
4379
4380
4385
4387
4389
4390
4396
4397
4398
4399
4402
4405
4406
4412
4413
4420
4428
4432
4435
4444
4447
4451
4454
4456
4459
4467
4485
4487
4496
4516
4517
4521
4523
4532
4534
4536
4539
4553
4559
4560
4561
4566
4572
4576
4579
4580
4584
4585
4593
4594
4595
4598
4599
4600
4602
4603
4604
4605
4616
4625
4631
4634
4636
4640
4646
4649
4653
4659
4664
4665
4666
4669
4679
4681
4682
4683
4686
4687
4700
4703
4714
4720
4727
4729
4735
4742
4744
4748
4750
4752
4755
4771
4774
4781
4782
4785
4786
4788
4790
4792
4793
4796
4801
4803
4810
4811
4814
4817
4819
4824
4831
4833
4836
4838
4839
4848
4850
4858
4864
4865
4873
4884
4890
4892
4896
4902
4903
4907
4911
4912
4913
4916
4918
4920
4922
4924
4925
4926
4928
4929
4930
4933
4935
4937
4938
4939
4942
4943
4944
4945
4951
4952
4954
4955
4963
4964
4970
4972
4977
4978
4982
4985
4986
4987
4990
4991
4996
4998
5000
5001
5003
5014
5015
5017
5018
5021
5024
5045
5047
5050
5064
5072
5080
5086
5094
5101
5103
5105
5111
5114
5117
5118
5131
5159
5220
5236
5237
5238
5243
5244
5247
5254
5267
5274
5277
5280
5284
5285
5298
5300
5301
5302
5308
5309
5311
5312
5316
5322
5325
5327
5329
5330
5332
5333
5338
5343
5345
5348
5351
5353
5355
5364
5384
5397
5402
5422
5434
5436
5439
5440
5446
5454
5462
5463
5479
5481
5484
5486
5489
5500
5511
5515
5518
5522
5529
5533
5538
5546
5550
5552
5557
5558
5560
5562
5570
5577
5589
5594
5605
5607
5610
5611
5612
5615
5616
5622
5624
5626
5630
5631
5640
5651
5670
5671
5693
5696
5701
5703
5714
5716
5717
5719
5722
5727
5728
5735
5736
5737
5748
5763
5770
5781
5783
5791
5808
5818
5822
5826
5829
5831
5853
5862
5884
5890
5915
5923
5941
5943
5944
5947
5949
5952
5962
5963
5972
5976
5980
5984
5985
5995
6009
6014
6019
6024
6026
6030
6033
6057
6062
6069
6071
6083
6086
6096
6101
6103
6133
6137
6146
6155
6156
6168
6171
6183
6184
6197
6198
6209
6220
6241
6251
6254
6258
6274
6278
6295
6311
6319
6320
6322
6335
6338
6351
6355
6364
6366
6379
6381
6382
6388
6389
6397
6408
6411
6424
6475
6481
6490
6499
6504
6507
6516
6521
6522
6523
6527
6528
6529
6530
6531
6535
6540
6546
6547
6549
6553
6554
6563
6566
6570
6571
6572
6579
6592
6597
6598
6606
6608
6636
6639
6641
6688
6704
6715
6748
6762
6798
6812
6823
6827
6930
6947
6951
6953
7008
7039
7074
7148
7158
7165
7202
7205
7207
7229
7230
7231
7236
7272
7275
7278
7282
7283
7286
7289
7291
7294
7296
7301
7308
7312
7313
7334
7341
7352
7354
7356
7359
7363
7406
7414
7429
7430
7442
7451
7458
7465
7466
7470
7472
7473
7474
7481
7497
7508
7515
7550
7561
7602
7614
7616
7618
7641
7650
7653
7661
7668
7673
7720
7747
7750
7759
7761
7838
7840
7867
7917
7921
7928
7938
7960
7964
7971
7979
7981
7983
7990
7991
7992
7998
8000
8016
8024
8042
8050
8053
8064
8082
8091
8097
8130
8133
8145
8155
8159
8179
8195
8203
8204
8207
8223
8244
8266
8272
8287
8306
8317
8336
8341
8343
8351
8403
8410
8411
8418
8429
8438
8481
8491
8538
8540
8547
8548
8571
8583
8587
8590
8607
8620
8627
8639
8643
8650
8661
8662
8666
8670
8703
8727
8737
8761
8762
8767
8782
8792
8808
8811
8812
8821
8822
8846
8876
8881
8885
8897
8900
8911
8917
8922
8927
8950
8952
8954
8957
8978
9009
9011
9024
9032
9043
9059
9060
9082
9083
9084
9148
9152
9155
9158
9159
9179
9181
9189
9195
9204
9211
9216
9219
9221
9225
9232
9237
9244
9259
9303
9305
9308
9309
9321
9324
9338
9369
9382
9395
9424
9434
9446
9541
9544
9568
9576
9619
9629
9631
9639
9648
9651
9661
9692
9712
9753
9762
9765
9794
9796
9804
9807
9811
9814
9832
9835
9856
9861
9865
9866
9867
9874
9901
9930
9964
9972
10023
10071
10100
10139
10158
10159
10200
10220
10223
10231
10249
10274
10286
10310
10311
10314
10321
10331
10348
10351
10354
10355
10368
10370
10378
10379
10382
10385
10388
10393
10398
10406
10409
10410
10412
10421
10433
10441
10451
10456
10459
10467
10468
10483
10484
10492
10520
10523
10528
10563
10572
10594
10601
10645
10650
10652
10668
10680
10687
10697
10717
10751
10765
10794
10808
10823
10828
10831
10843
10852
10855
10867
10939
10941
10947
10974
10980
10988
11018
11037
11053
11057
11063
11072
11081
11084
11098
11101
11119
11143
11197
11200
11206
11214
11215
11227
11230
11260
11269
11282
11321
11322
11326
11345
11351
11371
11372
11377
11378
11403
11412
11420
11423
11425
11426
11428
11458
11460
11471
11473
11476
11494
11500
11522
11544
11556
11574
11577
11593
11606
11608
11612
11613
11617
11626
11628
11637
11655
11660
11666
11668
11673
11678
11695
11697
11707
11709
11714
11716
11718
11745
11783
11794
11799
11855
11870
11874
11897
11940
11968
11991
12003
12010
12012
12020
12027
12035
12047
12050
12060
12064
12066
12068
12069
12078
12081
12086
12092
12094
12098
12142
12146
12148
12163
12178
12192
12200
12332
12333
12335
12372
12411
12429
12433
12454
12524
12536
12560
12566
12567
12595
12604
12617
12624
12637
12666
12685
12701
12719
12738
12739
12746
12781
12788
12791
12825
12849
12876
12882
12896
12899
12922
12933
12967
12976
12985
13000
13008
13012
13052
13083
13088
13107
13116
13207
13213
13236
13239
13243
13247
13255
13261
13263
13267
13274
13278
13307
13309
13318
13319
13322
13327
13346
13368
13375
13387
13393
13399
13408
13429
13455
13456
13463
13470
13549
13568
13582
13622
13644
13670
13679
13681
13691
13705
13772
13773
13785
13868
13902
14155
14260
14303
14370
14487
14491
14523
14526
14566
14606
14654
14658
14682
14693
14720
14745
14800
14808
14851
14869
14877
14878
14894
14906
14921
14939
14970
15026
15094
15139
15158
15207
15249
15254
15286
15397
15451
15454
15474
15486
15491
15543
15584
15585
15593
15594
15609
15650
15657
15715
15723
15915
15926
15927
15941
15970
16083
16105
16107
16178
16182
16183
16224
16246
16328
16330
16377
16385
16390
16421
16428
16478
16497
16542
16581
16643
16649
16680
16717
16737
16759
16763
16787
16803
16903
16956
17012
17054
17079
17082
17160
17162
17174
17175
17207
17216
17224
17236
17340
17343
17344
17423
17426
17517
17521
17592
17611
17617
17696
17720
17762
17773
17791
17793
17819
17904
17906
17934
18048
18054
18055
18087
18115
18123
18303
18309
18336
18341
18351
18366
18367
18376
18383
18401
18406
18421
18512
18528
18547
18578
18584
18605
18614
18634
18669
18790
18871
18873
18876
18882
18898
18941
18964
18969
18974
19048
19053
19060
19061
19063
19068
19121
19126
19137
19179
19185
19187
19193
19207
19228
19235
19245
19277
19284
19298
19299
19339
19350
19363
19368
19388
19401
19402
19427
19439
19513
19524
19544
19570
19577
19606
19647
19675
19687
19689
19696
19701
19723
19755
19839
19882
19897
19904
19919
19936
19937
19982
20027
20028
20038
20072
20085
20091
20111
20142
20187
20246
20332
20356
20407
20409
20494
20511
20573
20600
20610
20618
20794
20828
20851
20986
20998
21089
21166
21176
21261
21280
21307
21389
21563
21593
21598
21599
21601
21619
21647
21653
21689
21763
21964
21998
22000
22006
22055
22070
22089
22116
22126
22128
22131
22134
22137
22197
22215
22217
22229
22254
22272
22283
22296
22319
22327
22349
22377
22400
22402
22423
22482
22523
22533
22541
22561
22566
22598
22607
22618
22620
22631
22676
22679
22723
22743
22746
22748
22756
22758
22771
22782
22790
22795
22800
22815
22869
22872
22928
22954
22956
22960
22975
22988
23017
23040
23045
23046
23109
23112
23129
23132
23150
23214
23274
23275
23289
23303
23322
23331
23338
23352
23353
23381
23404
23412
23418
23426
23464
23510
23517
23534
23557
23558
23566
23605
23618
23645
23647
23665
23681
23691
23761
23799
23818
23904
23908
23913
23929
23951
24019
24041
24047
24062
24077
24082
24098
24101
24110
24131
24145
24152
24154
24166
24178
24190
24283
24286
24287
24289
24298
24299
24308
24342
24344
24345
24352
24357
24436
24474
24508
24561
24591
24623
24639
24643
24645
24667
24671
24672
24673
24681
24682
24684
24690
24712
24763
24787
24794
24844
24850
24861
24871
24938
24939
24941
24943
24946
24947
24949
24951
24952
24953
24954
24957
24958
24959
24961
24962
24963
24965
24966
24968
24969
24970
24972
24975
24976
24977
24979
24980
24981
25015
25039
25047
25063
25108
25136
25155
25159
25185
25188
25201
25250
25278
25308
25320
25323
25325
25328
25343
25348
25374
25399
25473
25488
25497
25500
25502
25545
25546
25619
25654
25676
25686
25695
25701
25716
25728
25734
25761
25791
25806
25808
25837
25853
25861
25883
25894
25909
25916
25919
25921
25922
25935
25937
25951
25958
25965
25971
26009
26011
26026
26065
26077
26079
26101
26130
26135
26144
26145
26167
26174
26197
26209
26214
26217
26225
26236
26265
26267
26286
26300
26310
26317
26327
26333
26347
26352
26358
26371
26380
26387
26404
26406
26435
26457
26493
26502
26505
26528
26539
26558
26575
26584
26593
26615
26628
26631
26650
26663
26674
26680
26687
26697
26699
26705
26708
26713
26718
26731
26734
26737
26746
26749
26750
26758
26760
26762
26802
26805
26851
26865
26866
26872
26881
26911
26964
26991
26996
27011
27024
27026
27036
27114
27123
27132
27135
27136
27145
27191
27206
27250
27251
27356
27376
27387
27391
27397
27402
27425
27428
27469
27494
27501
27519
27538
27543
27544
27562
27616
27638
27643
27671
27672
27696
27697
27700
27720
27743
27790
27805
27824
27825
27838
27846
27865
27889
27921
27926
27948
27980
28080
28087
28105
28106
28140
28144
28145
28146
28184
28201
28205
28228
28232
28257
28263
28267
28277
28303
28313
28333
28341
28348
28355
28367
28370
28372
28386
28390
28409
28423
28443
28452
28465
28494
28496
28498
28500
28508
28523
28551
28602
28611
28617
28625
28633
28635
28638
28659
28673
28682
28693
28705
28749
28756
28766
28770
28775
28784
28794
28803
28817
28819
28875
28892
28897
28898
28916
28917
28922
28933
28961
28974
28976
28980
28981
28984
29002
29007
29019
29021
29025
29046
29073
29076
29094
29109
29134
29149
29150
29153
29180
29197
29214
29221
29241
29242
29246
29284
29288
29302
29310
29316
29328
29344
29345
29346
29350
29352
29353
29354
29358
29363
29400
29437
29479
29503
29515
29519
29530
29544
29558
29571
29590
29610
29623
29642
29647
29669
29709
29711
29720
29722
29746
29753
29759
29787
29804
29805
29808
29820
29826
29828
29831
29843
29854
29862
29867
29881
29882
29886
29897
29913
29935
29976
29980
29981
29990
29999
30013
30028
30053
30069
30083
30103
30105
30107
30112
30113
30114
30143
30154
30160
30176
30183
30195
30221
30267
30294
30316
30326
30389
30399
30424
30470
30514
30521
30527
30542
30558
30571
30587
30603
30619
30627
30655
30656
30658
30659
30710
30752
30814
30827
30829
30831
30861
30864
30878
30882
30898
30907
30926
30939
30962
30970
30997
31000
31015
31063
31066
31097
31104
31112
31117
31172
31201
31204
31207
31216
31227
31229
31282
31287
31288
31291
31292
31293
31296
31383
31389
31396
31398
31438
31439
31486
31490
31519
31527
31563
31601
31608
31623
31650
31672
31691
31725
31749
31764
31767
31772
31789
31807
31808
31815
31816
31817
31827
31856
31861
31905
31924
31961
31983
31990
31994
32008
32038
32044
32057
32068
32088
32103
32108
32119
32121
32127
32128
32150
32156
32159
32161
32164
32166
32170
32174
32178
32186
32212
32218
32230
32235
32241
32250
32255
32265
32278
32280
32290
32293
32294
32303
32319
32339
32349
32355
32359
32364
32367
32374
32375
32384
32386
32391
32394
32399
32408
32419
32422
32427
32428
32429
32434
32444
32450
32463
32464
32471
32472
32477
32485
32487
32488
32490
32510
32514
32518
32519
32531
32537
32548
32549
32550
32557
32575
32576
32577
32582
32588
32609
32617
32628
32633
32637
32640
32660
32663
32680
32683
32689
32700
32707
32721
32737
32739
32746
32763
32764
32768
32770
32777
32801
32809
32821
32824
32837
32838
32845
32856
32861
32864
32865
32868
32876
32882
32891
32900
32901
32911
32919
32930
32943
32951
32955
32969
32970
32974
32980
32982
32986
33001
33004
33019
33021
33031
33040
33052
33056
33058
33062
33063
33065
33067
33068
33081
33086
33093
33114
33118
33122
33131
33133
33139
33151
33154
33162
33184
33185
33197
33213
33221
33222
33224
33226
33232
33244
33267
33269
33273
33290
33294
33301
33308
33336
33339
33344
33358
33368
33370
33371
33374
33381
33384
33387
33390
33392
33394
33400
33402
33403
33421
33423
33424
33428
33434
33435
33444
33445
33450
33453
33460
33470
33474
33478
33485
33486
33494
33507
33524
33527
33536
33590
33611
33613
33624
33649
33650
33666
33669
33678
33680
33681
33693
33699
33700
33702
33704
33705
33729
33730
33736
33737
33738
33746
33754
33757
33767
33778
33788
33789
33796
33799
33807
33817
33818
33823
33829
33830
33833
33841
33843
33846
33848
33849
33851
33854
33859
33862
33872
33875
33877
33913
33918
33925
33928
33934
33954
33965
33971
33983
33991
34001
34006
34027
34029
34032
34042
34044
34048
34049
34061
34064
34071
34082
34097
34103
34108
34120
34122
34128
34131
34132
34143
34153
34155
34157
34161
34162
34165
34175
34187
34189
34190
34193
34209
34211
34215
34216
34219
34222
34227
34257
34258
34261
34265
34270
34274
34280
34287
34288
34293
34296
34304
34311
34318
34319
34323
34324
34326
34338
34340
34341
34343
34344
34348
34359
34363
34366
34367
34369
34370
34380
34382
34384
34387
34391
34401
34425
34439
34459
34462
34468
34478
34480
34483
34484
34490
34493
34502
34512
34513
34518
34522
34523
34534
34537
34566
34579
34597
34602
34603
34610
34611
34626
34631
34640
34648
34650
34674
34700
34711
34716
34717
34719
34722
34727
34821
34830
34833
34846
34848
34854
34855
34857
34859
34861
34864
34866
34868
34869
34871
34873
34874
34875
34883
34891
34893
34911
34921
34933
34937
34977
34992
34994
35000
35007
35025
35044
35047
35050
35105
35123
35126
35138
35141
35176
35188
35191
35199
35211
35212
35225
35232
35267
35288
35296
35314
35316
35326
35354
35357
35367
35407
35460
35506
35527
35544
35573
35588
35595
35601
35608
35610
35625
35658
35659
35673
35724
35725
35730
35741
35743
35744
35755
35758
35777
35781
35831
35836
35839
35867
35876
35877
35903
35904
35924
35955
35975
35982
36002
36003
36004
36017
36031
36042
36049
36054
36055
36061
36070
36085
36140
36148
36188
36193
36206
36254
36273
36275
36282
36312
36313
36315
36336
36344
36349
36350
36354
36355
36356
36365
36373
36376
36400
36421
36424
36499
36540
36552
36556
36559
36561
36564
36568
36579
36580
36602
36603
36609
36610
36624
36627
36651
36662
36667
36674
36681
36722
36731
36736
36741
36792
36835
36852
36935
36951
36955
36956
36957
36958
36964
36970
36971
36972
36979
36998
37026
37082
37110
37148
37154
37165
37169
37171
37173
37179
37185
37214
37248
37267
37275
37368
37371
37387
37390
37395
37402
37411
37414
37423
37444
37477
37490
37504
37533
37555
37690
37694
37711
37811
37856
37884
37885
37913
37948
38006
38021
38135
38215
38238
38250
38305
38313
38317
38330
38371
38428
38520
38525
38540
38542
38574
38583
38623
38668
38706
38708
38733
38878
38890
38944
38975
38992
38994
39005
39075
39104
39107
39112
39114
39118
39128
39142
39149
39166
39167
39222
39282
39294
39305
39336
39351
39379
39383
39386
39387
39388
39389
39391
39392
39394
39396
39397
39398
39399
39401
39403
39405
39407
39410
39437
39473
39477
39482
39506
39525
39530
39532
39536
39588
39594
39605
39612
39631
39646
39653
39671
39672
39675
39687
39701
39703
39722
39727
39738
39785
39834
39839
39846
39848
39897
39948
39961
39967
39968
39972
39974
39975
39978
39980
39983
40001
40004
40022
40043
40044
40067
40073
40098
40103
40134
40160
40258
40290
40318
40322
40373
40422
40437
40438
40487
40492
40509
40632
40839
40880
41038
41055
41062
41069
41112
41117
41123
41136
41139
41183
41191
41212
41222
41230
41232
41235
41236
41258
41264
41299
41354
41356
41357
41358
41365
41390
41391
41422
41438
41443
41458
41474
41479
41510
41522
41558
41568
41581
41584
41592
41610
41612
41620
41624
41643
41673
41748
41782
41797
41899
42088
42497
42509
42512
42515
42516
42517
42553
42571
42581
42588
42599
42629
42671
42734
42742
42760
42836
42838
42934
42953
42955
42962
42963
42985
43164
43170
43174
43204
43239
43240
43257
43282
43310
43393
43394
43395
43397
43399
43501
43513
43527
43593
43594
43685
43702
43737
43760
43825
43828
43848
43855
43861
43889
43913
43924
44041
44054
44063
44068
44088
44103
44182
44189
44202
44216
44234
44293
44314
44355
44391
44465
44474
44485
44521
44524
44541
44562
44615
44642
44716
44750
44752
44768
44803
44892
44914
44951
44975
45008
45015
45020
45030
45031
45051
45129
45152
45165
45168
45188
45189
45293
45343
45361
45432
45469
45496
45515
45539
45579
45612
45690
45710
45757
45815
45864
45985
46021
46077
46124
46147
46167
46186
46248
46250
46299
46317
46340
46391
46402
46406
46434
46456
46469
46536
46630
46647
46658
46713
46715
46732
46747
46766
46853
46879
46969
47233
47262
47280
47392
47429
47457
47462
47502
47599
47601
47612
47619
47635
47674
47682
47686
47695
47706
47739
47753
47782
47861
47869
47876
47884
47886
47894
47902
47903
47906
47909
47911
47988
48019
48047
48089
48123
48138
48211
48219
48233
48263
48290
48338
48461
48465
48488
48492
48493
48494
48495
48496
48497
48548
48549
48550
48555
48658
48686
48788
48859
48860
48868
48869
48875
48894
48951
48993
48994
48999
49025
49096
49138
49141
49154
49217
49253
49331
49356
49378
49379
49383
49385
49386
49387
49388
49389
49390
49391
49393
49394
49395
49396
49397
49398
49399
49403
49414
49437
49440
49453
49477
49485
49497
49533
49558
49579
49592
49621
49624
49725
49736
49738
49743
49751
49752
49758
49769
49810
49813
49827
49870
49883
49886
49892
49893
49911
49918
49920
49947
49964
49988
50029
50041
50043
50073
50074
50237
50292
50310
50380
50403
50405
50499
50743
50933
51031
51233
51335
51343
51350
51352
51457
51461
51494
51536
51546
51586
51590
51637
51647
51663
51700
51770
51880
51887
51888
51890
51893
51896
51897
51898
51899
51905
51964
52070
52151
52153
52159
52253
52268
52272
52283
52287
52290
52293
52298
52299
52527
52529
52558
52559
52566
52593
52633
52647
52658
52663
52709
52725
52766
52767
52860
52862
52865
52869
52872
52877
52881
52885
52887
52935
52939
52942
52943
52946
52949
52976
52977
52993
53004
53007
53016
53019
53025
53053
53167
53215
53219
53222
53227
53316
53340
53363
53371
53373
53423
53494
53509
53527
53628
53644
53645
53706
53720
53733
53745
53759
53950
53992
54056
54088
54090
54099
54102
54166
54220
54287
54324
54348
54351
54355
54513
54644
54744
54779
54954
55026
55161
55223
55244
55246
55272
55302
55316
55317
55383
55386
55411
55548
55569
55572
55573
55585
55593
55601
55604
55610
55614
55616
55617
55624
55635
55706
55777
55792
55818
55826
55856
55861
55882
55883
55888
55908
55928
55969
56014
56024
56063
56088
56097
56168
56229
56231
56292
56295
56332
56360
56368
56467
56474
56480
56481
56482
56568
56585
56609
56655
56657
56673
56741
56768
56772
56820
56832
56886
57103
57118
57126
57142
57145
57151
57208
57341
57342
57472
57475
57507
57532
57589
57617
57664
57687
57705
57753
57769
57776
57880
57884
57886
57950
57999
58007
58037
58041
58071
58082
58088
58096
58197
58214
58256
58363
58536
58632
58641
58655
58666
58699
58776
58780
58783
58792
58814
58818
58967
58985
59030
59122
59177
59178
59179
59198
59205
59211
59263
59270
59309
59332
59389
59396
59527
59661
59685
59790
59918
59926
59927
59951
59958
59981
59983
60002
60027
60053
60149
60153
60241
60252
60279
60501
60508
60520
60527
60619
60838
60868
60871
60872
60904
60916
60942
60956
61097
61109
61113
61159
61161
61178
61186
61196
61210
61387
61428
61442
61455
61523
61554
61704
61709
61734
61908
61954
62478
62548
62654
62655
62658
62710
62741
62761
62866
62897
62913
62917
62966
63060
63065
63199
63215
63222
63301
63352
63355
63569
63601
63604
63700
63707
63713
63731
63773
63774
63777
63945
64119
64122
64159
64189
64190
64202
64208
64338
64422
64423
64425
64468
64483
64574
64592
64625
64627
64630
64667
64750
64760
64921
64930
64935
65020
65026
65030
65037
65042
65046
65125
65230
65324
65330
65437
65468
65469
65605
65609
65630
65637
65642
65654
65744
65807
65822
65829
65903
65906
65907
65919
65930
65933
65946
65995
66019
66020
66129
66131
66133
66147
66159
66163
66191
66210
66232
66268
66270
66278
66303
66453
66490
66493
66549
66557
66560
66619
66625
66626
66634
66636
66666
66715
66746
66789
66796
66810
66870
66888
66893
66894
66946
66947
66968
66969
66970
66974
66980
66981
66991
67026
67078
67079
67121
67124
67130
67149
67228
67229
67231
67286
67320
67324
67336
67337
67386
67444
67466
67505
67515
67520
67523
67524
67586
67610
67624
67639
67640
67670
67671
67683
67686
67698
67707
67717
67719
67798
67818
67871
67949
67956
68032
68050
68067
68077
68084
68107
68125
68184
68240
68279
68283
68284
68414
68424
68495
68496
68502
68511
68515
68539
68585
68611
68687
68696
68720
68803
68815
68835
68847
68865
68893
68899
68920
68999
69002
69051
69110
69190
69216
69239
69263
69287
69312
69324
69325
69326
69327
69376
69437
69457
69466
69467
69480
69500
69508
69528
69584
69604
69606
69617
69629
69637
69638
69763
69774
69785
69788
69857
69894
69928
69989
70002
70003
70005
70007
70010
70046
70053
70114
70149
70225
70243
70252
70291
70292
70473
70524
70530
70538
70539
70615
70635
70656
70664
70710
70730
70765
70776
70791
70803
70807
70815
70836
70860
70908
70952
70957
70963
70989
71065
71079
71093
71113
71114
71116
71117
71126
71127
71132
71133
71137
71138
71140
71143
71146
71148
71154
71159
71161
71163
71166
71170
71176
71179
71180
71182
71187
71192
71193
71199
71211
71220
71229
71234
71235
71239
71243
71244
71245
71264
71266
71322
71326
71344
71345
71356
71357
71396
71399
71402
71408
71420
71437
71443
71469
71485
71507
71513
71518
71522
71523
71524
71526
71528
71545
71548
71552
71563
71762
71763
71765
71768
71773
71818
71829
71836
71858
71895
71903
71904
71905
71910
71926
71934
71942
71992
72004
72025
72026
72052
72072
72087
72089
72092
72094
72096
72137
72141
72198
72229
72339
72341
72370
72389
72393
72441
72572
72575
72606
72609
72620
72665
72685
72719
72723
72765
72780
72814
72820
72826
72842
72899
72905
72921
72951
72962
72973
72976
72978
72979
72982
72988
73013
73062
73068
73094
73115
73154
73229
73244
73258
73262
73272
73274
73324
73339
73397
73402
73429
73445
73451
73498
73504
73537
73580
73584
73637
73639
73653
73674
73947
73956
74027
74036
74049
74052
74056
74062
74075
74080
74085
74101
74106
74120
74121
74122
74145
74148
74150
74155
74171
74216
74217
74222
74223
74225
74226
74227
74228
74231
74257
74258
74261
74268
74272
74277
74290
74315
74341
74363
74379
74397
74434
74556
74595
74598
74603
74614
74633
74638
74639
74649
74716
74731
74732
74896
74923
74996
75019
75220
75239
75260
75277
75314
75358
75367
75404
75524
75545
75607
75609
75628
75716
75728
75751
75787
75862
75865
75869
75889
75925
75953
75955
75992
76031
76039
76041
76080
76148
76173
76176
76182
76199
76206
76232
76247
76251
76252
76286
76287
76300
76309
76316
76323
76336
76341
76353
76360
76416
76439
76472
76549
76645
76718
76730
76783
76791
76820
76824
76829
76830
76849
76856
76891
76976
76983
76987
77157
77190
77521
77522
77530
77539
77540
77549
77553
77572
77620
77622
77624
77646
77651
77652
77671
77678
77685
77705
77706
77711
77712
77714
77738
77810
77910
77919
77924
77935
77969
77974
78023
78087
78094
78099
78172
78175
78269
78308
78400
78433
78450
78453
78480
78482
78503
78505
78511
78523
78539
78680
78720
78721
78722
78765
78775
78782
78800
78819
78822
78829
78869
78870
78889
78892
78896
78922
78985
79004
79013
79029
79044
79061
79064
79099
79128
79129
79131
79134
79137
79140
79141
79142
79144
79146
79197
79219
79263
79281
79286
79357
79378
79412
79438
79494
79560
79600
79693
79866
79877
79908
80143
80232
80275
80295
80395
80500
80581
80584
80645
80760
80807
80836
80878
81019
81193
81209
81274
81308
81372
81405
81406
81452
81486
81496
81525
81528
81529
81606
81667
81694
81701
81702
81747
81909
81928
81936
81960
81971
82005
82007
82065
82120
82130
82142
82211
82273
82316
82425
82455
82457
82464
82480
82542
82585
82598
82632
82730
82793
82815
82852
82881
82885
82887
82901
82910
82920
82939
83005
83006
83007
83008
83009
83011
83013
83014
83131
83136
83179
83187
83203
83208
83257
83362
83397
83433
83439
83443
83448
83468
83500
83604
83651
83652
83688
83718
83720
83721
83729
83761
83765
83777
83904
83925
83942
84107
84114
84186
84206
84210
84247
84303
84317
84329
84363
84416
84417
84422
84517
84611
84645
84695
84738
84754
84785
84795
84875
84879
84889
84957
84962
84964
85117
85118
85165
85206
85230
85291
85331
85338
85341
85443
85493
85527
85561
85572
85584
85621
85680
85744
85818
85978
85992
85993
86023
86125
86201
86203
86240
86253
86276
86284
86334
86361
86395
86397
86429
86479
86531
86911
86994
87112
87340
87395
87424
87446
87518
87702
87797
87799
87845
87883
87990
88038
88099
88106
88110
88111
88212
88303
88366
88405
88521
88599
88606
88620
88678
88756
88760
88975
89143
89190
89201
89230
89259
89298
89300
89499
89502
89513
89609
89655
89661
89697
89705
89779
89859
89861
89939
89960
89961
90013
90128
90138
90227
90314
90338
90377
90484
90490
90513
90678
90716
90816
90838
90875
90883
90908
90934
90936
90991
90995
90999
91043
91051
91137
91155
91182
91218
91277
91326
91373
91381
91386
91409
91415
91436
91437
91439
91460
91462
91531
91583
91609
91663
91801
91840
91908
91917
91945
92049
92191
92271
92359
92443
92452
92478
92483
92497
92560
92561
92575
92617
92623
92646
92650
92688
92718
92719
92924
92958
93111
93260
93283
93406
93427
93432
93475
93538
93560
93768
93784
93830
93837
93973
94008
94153
94267
94352
94396
94516
94663
94748
94773
94907
95016
95023
95034
95052
95098
95110
95173
95278
95292
95296
95307
95324
95356
95375
95388
95413
95461
95513
95584
95625
95685
95879
95881
95886
96218
96385
96461
96721
96782
96940
97094
97354
97371
97376
97635
97654
97655
97658
97778
97873
98291
98687
98706
98801
98840
98848
99087
99119
99135
99175
99279
99345
99583
99587
99608
99609
99847
100062
100076
100119
100157
100181
100183
100246
100265
100279
100377
100384
100389
100427
100566
100571
100638
100818
101061
101147
101354
101477
101559
101629
101645
101957
102054
102093
102121
102129
102130
102223
102261
102504
102536
102551
102556
102557
102602
102626
102646
102662
102760
102824
102847
102848
102878
102893
102929
102964
103043
103095
103242
103289
103367
103408
103475
103522
103653
103683
103684
103716
103772
103781
103842
103854
104000
104035
104048
104049
104062
104101
104102
104201
104357
104426
104445
104513
104579
104704
104723
104724
104725
104726
104769
104780
105012
105025
105056
105057
105082
105134
105307
105312
105426
105482
105488
105495
105523
105542
105552
105597
105615
105619
105847
105935
106175
106189
106239
106267
106316
106326
106327
106329
106330
106347
106400
106409
106473
106479
106545
106566
106691
106712
106780
106781
106867
106869
106877
106940
107061
107062
107103
107127
107141
107225
107270
107398
107411
107455
107483
107495
107634
107660
107677
107717
107767
108048
108050
108081
108082
108104
108105
108133
108177
108188
108220
108223
108224
108373
108450
108451
108488
108499
108557
108563
108625
108645
108690
108729
108730
108731
108732
108811
108850
108909
108982
109059
109111
109114
109140
109363
109500
109559
109585
109590
109639
109640
109641
109725
109807
109811
109821
109834
109855
109916
109935
109970
109971
110149
110154
110227
110370
110711
110712
110717
110775
110806
110813
110832
111014
111046
111169
111190
111346
111399
111563
111566
111567
111588
111593
111620
111707
111755
111840
111917
112019
112020
112060
112087
112093
112173
112185
112349
112432
112455
112458
112515
112795
112826
112828
112858
112873
112882
112902
112956
113024
113075
113087
113266
113299
113394
113456
113461
113494
113500
113501
113502
113531
113562
113570
113634
113637
113699
113726
113783
113843
113910
113930
113945
113950
113993
114016
114033
114117
114124
114152
114153
114222
114228
114242
114243
114245
114253
114263
114264
114277
114282
114285
114288
114307
114309
114322
114324
114363
114398
114415
114464
114468
114477
114505
114507
114518
114538
114570
114583
114585
114590
114636
114641
114662
114675
114711
114808
114810
114817
114837
114858
114884
114899
114901
114912
114923
115055
115164
115202
115214
115241
115253
115260
115279
115280
115362
115407
115454
115465
115501
115533
115537
115555
115558
115587
115623
115639
115660
115663
115864
115956
115981
116007
116009
116040
116061
116085
116166
116167
116215
116238
116239
116251
116258
116265
116270
116274
116275
116276
116278
116311
116400
116462
116480
116488
116502
116669
116671
116726
116728
116747
116767
116786
116790
116823
116824
116841
116842
116845
116890
116942
116993
117006
117011
117018
117019
117020
117021
117023
117025
117028
117029
117038
117042
117049
117050
117121
117138
117189
117193
117244
117274
117446
117671
117690
117709
117743
117751
117770
117771
117773
117827
117874
117937
117953
117963
118008
118016
118025
118061
118066
118153
118175
118194
118214
118315
118326
118386
118387
118390
118403
118432
118434
118438
118439
118444
118511
118523
118561
118597
118599
118628
118644
118664
118679
118707
118712
118750
118751
118783
118784
118828
118861
118877
118889
118909
118913
118914
118932
118944
119018
119029
119034
119048
119128
119134
119171
119178
119198
119206
119267
119277
119289
119320
119325
119356
119367
119427
119436
119475
119500
119502
119508
119567
119585
119600
119601
119625
119630
119702
119785
119853
119874
119898
119929
119945
119995
120021
120029
120033
120034
120097
120099
120101
120107
120141
120148
120157
120162
120187
120209
120211
120242
120260
120279
120317
120363
120365
120371
120383
120494
120507
120531
120546
120599
120636
120679
120721
120822
120831
120851
120877
120897
120924
120930
120934
120961
120974
120975
120979
120980
121061
121074
121076
121103
121104
121105
121113
121122
121141
121172
121260
121307
121315
121339
121377
121406
121453
121485
121685
121693
121740
121786
121856
121966
121996
122029
122033
122057
122081
122125
122205
122222
122223
122298
122304
122305
122306
122329
122353
122378
122392
122412
122413
122468
122566
122577
122586
122588
122596
122632
122703
122708
122747
122926
122927
122947
123019
123020
123047
123048
123054
123078
123080
123107
123123
123145
123146
123154
123211
123212
123234
123253
123376
123377
123414
123450
123459
123531
123563
123590
123640
123647
123657
123747
123748
123754
123803
123823
123864
123903
123951
123954
123986
124084
124115
124122
124131
124143
124227
124255
124256
124264
124292
124312
124329
124332
124355
124362
124363
124364
124426
124432
124433
124435
124443
124471
124474
124521
124559
124620
124664
124703
124714
124741
124760
124762
124775
124784
124842
124850
124851
124862
124863
124889
124891
124910
124912
124930
124940
124942
124956
124992
125007
125044
125055
125123
125137
125140
125220
125245
125246
125259
125273
125289
125301
125310
125320
125322
125327
125328
125329
125343
125395
125458
125472
125521
125526
125533
125536
125546
125560
125620
125637
125652
125659
125660
125666
125725
125732
125737
125741
125800
125836
125850
125852
125857
125868
125889
125896
125897
125933
125935
125995
126026
126029
126053
126068
126102
126107
126114
126124
126136
126159
126218
126262
126272
126292
126335
126357
126403
126445
126463
126484
126488
126522
126536
126546
126561
126570
126609
126613
126641
126702
126716
126786
126787
126803
126814
126842
126871
126872
126892
126904
126909
126940
126944
127022
127044
127052
127054
127069
127088
127089
127092
127094
127098
127111
127118
127140
127156
127193
127195
127196
127249
127265
127302
127304
127319
127321
127328
127396
127400
127410
127498
127501
127534
127538
127553
127584
127612
127617
127676
127698
127704
127707
127771
127776
127789
127798
127808
127933
127937
127941
127976
127986
127991
127998
128055
128067
128084
128096
128111
128116
128117
128179
128326
128340
128341
128355
128457
128564
128572
128573
128574
128585
128586
128601
128604
128632
128634
128660
128662
128694
128698
128701
128704
128715
128746
128758
128766
128767
128772
128808
128814
128819
128826
128829
128844
128882
128920
128997
129003
129016
129064
129077
129103
129120
129126
129133
129135
129161
129167
129169
129212
129219
129223
129285
129314
129388
129412
129421
129553
129586
129699
130135
130142
130570
130754
130855
130983
131292
131377
131430
131507
131817
131828
131832
131870
131973
131976
132067
132070
132133
132220
132286
132294
132472
132570
132574
132614
132723
132727
132732
132750
132862
132866
132966
132985
133114
133156
133245
133246
133446
133448
133612
133672
133891
133944
134369
134382
134431
134445
134446
134595
134597
134607
134614
134618
134828
134876
134879
134934
134940
135037
135042
135094
135216
135669
135853
136062
136291
136308
136390
136402
136448
136530
136694
136811
136923
136946
137119
137243
137370
137373
137398
137430
137431
137509
137564
137639
137649
137667
137757
137792
137898
138039
138070
138201
138224
138225
138338
138354
138567
138621
138637
138658
138697
138701
138982
139106
139262
139469
139580
139589
139605
139758
139759
139842
139965
140021
140145
140320
140328
140347
140518
140645
140797
141172
141216
141217
141231
141232
141262
141263
141283
141287
141427
141472
141473
141482
141485
141588
141641
141800
141813
141947
141950
141951
141988
142333
142375
142468
142530
142538
142541
142543
142544
142545
142549
142595
142797
142889
142913
142916
142922
142998
143016
143068
143135
143284
143313
143354
143566
143567
143576
143578
143581
143593
143614
143727
143769
143887
144146
144189
144370
144387
144435
144489
144516
144658
144670
144752
144763
144819
144853
145053
145283
145364
145366
145564
145566
145594
145652
145752
145767
145777
145816
145838
145865
145873
145942
146124
146153
146216
146357
146466
146533
146543
146547
146552
146576
146744
147039
147179
147238
147282
147307
147354
147435
147522
147576
147610
147620
147702
147748
147846
147878
147887
147910
147912
147996
148010
148042
148191
148193
148200
148234
148273
148648
148896
148969
149078
149099
149379
149818
149898
149968
150007
150220
150222
150276
150440
150605
150617
150657
150695
150698
150707
150708
150780
150795
150901
150935
150936
150938
151164
151229
151234
151289
151365
151396
151419
151517
151594
151696
151698
151984
152012
152094
152133
152134
152151
152221
152228
152296
152354
152510
152568
152726
152760
152763
152793
152877
152886
152887
152912
152914
152948
152987
152989
153007
153029
153140
153283
153297
153362
153369
153384
153461
153462
153497
153499
153569
153570
153607
153609
153630
153809
153857
153953
153958
153976
154070
154080
154088
154104
154155
154178
154182
154186
154222
154235
154246
154249
154274
154275
154302
154389
154422
154690
154695
154704
154718
154771
154807
154828
154847
154864
154868
154964
154966
154977
154993
155006
155013
155016
155021
155059
155120
155125
155307
155348
155434
155435
155436
155460
155462
155479
155482
155494
155548
155570
155577
155586
155592
155716
155779
155946
155983
155999
156035
156038
156193
156256
156262
156319
156325
156333
156415
156491
156515
156557
156605
156610
156891
156951
157021
157096
157099
157137
157146
157157
157169
157196
157212
157259
157344
157345
157358
157359
157420
157440
157459
157526
157554
157589
157604
157612
157655
157713
157749
157806
157819
157830
157864
157871
157900
157957
157978
157999
158019
158020
158088
158110
158125
158261
158352
158356
158365
158514
158518
158630
158635
158636
158638
158640
158641
158642
158643
158652
158665
158666
158679
158703
158761
158990
158998
159013
159040
159162
159176
159177
159197
159236
159263
159417
159418
159419
159497
159526
159536
159554
159558
159595
159663
159703
159748
159859
159860
159947
159983
160034
160153
160200
160201
160227
160235
160269
160355
160456
160497
160498
160510
160657
160778
160977
161049
161075
161322
161330
161338
161356
161501
161518
161628
161812
161930
161980
162031
162217
162225
162278
162331
162356
162363
162375
162409
162410
162518
162533
162616
162673
162729
162882
163004
163329
163330
163331
163356
164172
164707
164980
165057
165125
165176
165223
165226
165348
165363
165390
165396
165624
165697
165717
165859
165982
166170
166441
166504
166534
166647
166659
166694
166744
166787
166830
166870
166873
166874
166882
166958
167344
167387
167542
167723
167887
167992
168026
168116
168121
168281
168295
168478
168489
168522
168573
168770
168863
168962
168979
169656
169744
169766
169768
169770
169816
169917
172267
172368
172939
173087
173616
173695
174033
174103
174172
174354
174379
174904
174955
174959
174960
175082
175232
175273
175535
175669
175676
175739
175796
176028
176030
176127
176145
176146
176445
176526
176683
177085
177282
177847
177897
178039
178042
178090
178108
178118
178148
178163
178164
178334
178362
178441
178636
178651
178778
178783
178787
178800
178801
178826
179092
179209
179232
179238
179252
179284
179306
179320
179328
179363
179368
179369
179435
179499
179510
179514
179545
179628
179642
179669
179672
179677
179694
179783
179890
179917
179923
179993
179998
180010
180169
180228
180332
180473
180581
180684
180723
180818
180842
180922
180949
180996
181021
181037
181051
181067
181102
181302
181569
181577
181672
181688
181759
181804
181811
182188
182189
182676
182684
182808
183263
183535
183551
183594
183602
183635
184038
184314
184363
184434
184461
184471
184473
184755
184788
185035
185290
185489
185551
185595
185665
185878
185906
186075
186240
186534
186595
186623
186628
186629
186682
187107
187405
187407
187441
187528
187688
187981
188123
188129
188218
188438
188619
188665
188836
188847
189137
189147
189158
189269
189414
189466
189515
189602
189614
189657
189741
189757
189786
189788
189817
189909
189981
189982
190023
190090
190102
190169
190213
190313
190526
191338
191343
191351
191669
191670
191919
192162
192511
192831
192832
193040
193232
193446
193451
193592
193700
193806
193814
193837
193851
194081
194313
194361
194547
194581
194777
194967
195309
195456
195580
195644
195743
195787
195789
195791
195836
195916
196080
196153
196267
196366
196524
