66210
134597
4970
22631
60904
21307
35955
125637
30267
4963
4964
55569
59926
34626
178163
178164
4982
0
10668
150605
34611
55573
34610
55572
5
8
4972
11991
4977
4978
47911
113637
157259
66232
113634
4990
4991
22618
68899
3661
150617
34602
122588
2326
29242
11968
29241
126944
29246
122586
126940
4985
4986
4987
72905
101645
2329
34603
72921
3673
47909
47906
23951
55593
22620
47902
47903
10645
1007
1004
59951
32891
3663
4996
4998
3668
59958
67586
113699
100384
23929
123020
2350
116728
30221
29221
103408
146533
26197
123019
1014
58632
3675
6704
11940
159860
22607
66268
158518
79560
146552
60956
54287
2357
58641
146547
178118
6715
35904
35903
32876
66278
17224
23904
40487
133245
19882
133246
125660
59981
43513
92560
32864
32861
80584
26174
78269
2366
58655
147887
3697
66270
3698
80581
23913
154178
43501
72962
125652
1051
10601
29214
23908
5402
31527
104723
134595
91218
32856
104726
104724
104725
154186
21389
5422
19068
19063
97354
98687
116767
33371
19061
19060
33374
32044
36400
12433
11101
6748
90716
102130
73397
127410
32038
33368
123048
76416
102129
16803
20038
19048
165717
25728
5440
4110
4113
1088
97376
68815
116747
72072
33358
56832
4103
5434
150695
12411
5436
37711
5439
47988
46658
186623
9811
186629
5454
186628
111046
1099
72089
124364
64468
72087
124362
124363
25734
34674
124355
9804
5446
76439
9807
128715
5462
5463
4135
67505
68835
25701
72096
22676
72094
72092
114152
114153
9814
4128
10697
87112
32008
33339
20027
25716
64483
9832
46630
67515
68847
30294
204
35982
34650
6798
5481
67520
5484
123080
128772
67524
99119
5486
67523
13705
29288
35975
213
34640
128766
218
5479
128767
219
4149
55548
9835
34648
4161
135037
10680
123078
76472
56886
222
54220
223
34631
226
115454
114124
5489
59918
128758
10687
9861
74639
74638
11063
9865
37694
132732
36365
23045
23046
62654
62655
62658
126053
118432
234
23040
237
118434
9856
53706
8540
36350
48338
16763
36354
28749
242
243
35025
249
60002
8538
36355
7205
36356
4196
4199
73324
128698
12372
25686
24357
70291
4192
70292
120721
75992
53720
24352
36344
8547
8548
152354
16737
36349
7230
73339
38992
38994
7236
72004
11053
163004
35000
59030
261
35007
138070
25695
82273
7229
36336
53733
13681
26996
33294
8571
275
16717
85338
26991
77711
53745
1933
8583
49624
8587
13691
72025
49621
24344
281
24345
28705
23017
285
1942
1940
24342
36312
36313
1949
38975
36315
11037
1945
53759
123803
61387
65744
292
8590
297
117121
298
12333
60053
77738
1956
7275
106473
7278
64423
13670
64422
109500
64425
118439
25654
118438
132723
182188
127396
182189
7272
33269
89705
1960
34597
33267
118444
13679
7286
71526
71523
71524
109559
7289
71522
108223
39477
108224
108220
41797
7282
79494
114901
7283
1976
117189
1973
1972
60872
60871
71518
155460
155462
17207
7296
92452
38135
7291
7294
27494
102929
83500
32838
17216
18547
71528
71548
71545
14155
155479
15486
175082
26130
28794
155482
32821
1999
129133
15491
32809
111840
71552
69239
92478
9011
40437
78175
123823
3708
26144
18528
9009
3703
9024
72899
71563
40422
63945
28770
122566
101629
28775
51964
39437
3711
32801
70243
15474
9032
41748
3727
144763
82211
28784
84875
3720
19839
11081
39410
155435
155434
154104
27425
9043
35050
27428
3730
126909
75955
2407
3736
126904
36373
109585
39401
11098
3750
36376
15451
35044
2414
2412
35047
39403
3741
16787
39405
39407
22756
22758
92623
3760
41038
9060
30389
54351
126842
53025
54355
92617
3753
102878
43685
46713
178042
46715
167387
33403
146466
1104
2434
2433
154080
88599
67670
179369
67671
179368
2439
67686
65026
181688
9083
1120
9084
99279
9082
122468
34722
29363
31691
3774
3777
10751
65020
22746
22748
113502
3791
113501
108177
113500
3793
67698
22743
1122
34719
6812
34716
65046
34700
29346
1134
29345
31672
29344
6823
6827
22723
134446
44975
91326
133114
134445
2481
114899
29354
29353
167344
29352
29358
125546
5500
29350
17343
17344
126872
126871
20998
32982
125536
2489
32980
58776
31650
125533
5511
5515
5518
30326
90013
69437
58780
121172
1174
125526
83721
125521
194967
5522
100246
30316
5529
19187
63222
128632
127302
25861
1185
32161
55601
89859
32164
5533
55604
76549
88521
4206
5538
11227
85493
5550
45469
12560
5552
162533
68920
32150
23214
19193
49827
55610
124256
55616
157196
5546
55614
9901
12566
55617
5560
49813
5562
64574
124255
33470
11206
13868
33478
33474
128601
5557
5558
12536
5570
4242
4243
75239
9930
33460
25853
153607
153609
304
4236
4237
308
55635
16903
89861
11215
64592
4251
157157
46766
67624
106400
81928
22795
32127
115362
312
313
22790
32121
5577
32128
8607
4260
128660
24508
5594
128662
41069
102054
8620
20142
90875
67639
33444
33445
54324
79600
5589
12524
41062
32119
41055
67640
7301
9964
25808
20111
22771
127321
75260
332
333
336
339
8627
10794
53007
32108
142916
9972
157169
7312
7313
8643
22782
75277
33424
30399
28087
33423
345
53016
347
53019
28080
128634
54348
142922
7308
8639
107717
8650
59122
56097
127265
354
355
19904
106316
15543
68077
115280
8662
8661
15
8666
7334
16
11197
61455
119625
189515
35141
27538
65807
139262
365
115279
106329
106326
20
21
22
7341
128572
128573
128574
6014
194081
107634
27501
370
8670
372
166882
373
35138
378
24474
141588
6009
7352
34
35
27519
7354
49769
36
7356
6024
39
103289
6026
166874
166873
166870
65829
23150
60149
115253
35126
35123
6019
40
41
52529
52527
44
7363
28819
28817
6033
117019
117018
154847
6030
23129
117021
399
117023
121996
117025
117028
32088
49752
44063
178800
7359
49751
11143
178801
60153
52
20091
117020
54
59177
59179
111707
59178
72141
35105
25791
23132
44054
62
49738
23109
105012
6057
107677
33394
154868
24436
32068
25761
12454
175796
52558
71
20072
36424
52559
90816
77
148191
78
148193
6069
73498
23112
59198
33384
6062
28803
32057
118326
51233
45361
81
84
121966
85
120636
88
69325
108104
69324
72978
108105
72976
39594
72973
157999
19982
69327
69326
57341
6071
147702
84962
29302
56014
84964
91
118390
92
32969
72988
92575
6086
131377
29316
6083
105082
29310
143354
118387
3805
84957
118386
56024
26286
32955
31623
3800
117050
72979
91277
105056
105057
41899
62710
6096
3818
83652
58699
117049
83651
18634
117042
95625
155348
44914
117029
32930
26265
26267
117038
179306
31601
120679
3824
35191
74716
32919
15585
15584
9148
26236
35199
28897
28898
28892
2502
27562
3830
68032
18614
3835
9158
9155
114817
156610
9159
15594
35188
62741
114810
102848
121104
2514
102847
121103
2512
121105
143313
48497
48496
3842
48495
48494
69376
48493
48492
114808
73402
39530
48488
39532
74731
26214
35176
27544
28875
129064
123754
27543
3853
39536
32900
3855
3857
9179
3870
190526
26225
155307
56088
3869
122413
40509
1201
83688
18605
36499
19936
39525
3866
66453
177085
9189
25909
9181
74075
34866
34864
1214
123212
34861
123211
2542
19228
34869
34868
19235
25916
3890
25919
67798
9195
74085
34855
34854
33524
78433
12604
168116
2555
74080
3885
34859
3888
28184
34857
69500
41136
91436
41139
125857
1236
13902
124521
34848
34846
22869
41123
161501
125850
120162
16182
78450
5607
34833
78453
120157
2578
34830
144189
121485
30470
57532
119171
6930
91415
71829
5605
6951
41112
1263
41117
78480
78482
114307
10855
34821
127617
2587
1255
5610
5611
5612
5615
5616
10852
6947
71836
179694
70524
178362
5630
43760
5631
1274
115623
123253
37082
28144
10867
1269
29479
28145
28146
6953
91439
5622
91437
5624
56229
5626
28140
31789
22815
5640
116942
18790
56231
62913
125897
125896
128920
4302
10831
4308
71858
91462
5651
90138
91460
10843
31764
62917
125889
31767
70539
4330
4331
4332
23322
67707
35316
35314
106712
11345
49947
5670
5671
63352
4342
160235
11351
63355
22000
23331
3011
24667
67719
22006
23338
32278
50041
400
3005
50043
406
10023
15715
89961
24639
45579
4352
4355
25965
36627
415
8703
4345
416
417
11322
4348
11321
419
4349
36624
11326
4362
5693
4363
103683
19298
49920
5696
44234
74027
75358
19299
103684
32250
25971
24643
24645
114322
4358
36610
4359
12666
4370
104102
104101
3046
74036
75367
125044
160200
49918
50073
430
118751
78400
50074
36609
434
4367
105426
4368
439
36602
36603
8727
41191
25958
21599
90991
4385
4387
74049
34891
25951
24623
3051
46879
4380
442
34893
32230
4378
4379
8737
7406
41183
87340
44202
4396
21563
4397
4398
19245
4399
74056
25921
4390
450
25922
45539
74052
34883
457
458
459
4389
7414
58814
141947
42497
8761
3070
25935
8762
46853
7430
25937
6101
6103
460
74062
34875
32212
34874
55792
34873
114363
34871
126335
141950
128997
32218
7429
12624
126292
7442
13000
39631
28976
116007
98840
28974
62897
23289
116009
26317
470
476
65919
477
478
26310
8767
7451
72229
8782
132985
65930
3098
65933
106691
28980
487
85527
120974
28984
28981
35267
118664
120979
120975
104000
6133
36580
8792
7466
7465
6137
492
65946
59263
494
120961
24591
498
39612
7458
47233
52633
49892
81193
7473
7472
59270
7474
6146
48555
49886
64625
27638
126262
7470
114282
114285
28961
23274
26300
114288
23275
84210
49883
48550
77924
36579
52647
15657
48549
6155
48548
6156
36561
11260
44189
35232
28933
73584
104062
7481
88606
60279
36564
12595
49870
36568
52658
96218
7497
6168
36552
107103
27616
35225
52663
37884
37885
159176
36556
36559
159177
116040
28916
28917
104048
36540
9204
25883
35212
32186
77974
35211
51343
76645
90934
88620
90936
109725
122703
55706
110711
9211
9216
65995
75314
64667
28922
25894
32174
118679
32170
6184
110712
6183
51350
3906
85584
104049
143614
77969
50029
3901
6197
71768
9221
71765
6198
9225
10808
43737
58792
91373
82425
25063
142375
119128
9219
30424
120107
69457
22800
38371
68125
9232
128067
9237
71773
57472
29437
28105
28106
10823
57475
10828
146744
49025
31749
116085
69467
128055
69466
9244
129388
25047
26371
83777
29400
17426
3934
39687
9259
108450
108451
43702
2613
2612
56168
31725
178334
116061
3944
26380
39672
39671
39675
26358
93111
2622
82464
59205
2629
59211
120141
82457
47280
27696
1301
2631
27697
82455
3965
39653
35296
65903
1312
26333
121453
3973
3975
73537
175273
25015
153007
61554
26347
128084
1327
2658
65907
27671
65906
125800
35288
68184
3985
39646
2659
91531
157358
20332
157359
80878
69606
1336
145366
12719
33650
113783
3998
3999
41264
157344
42599
157345
112432
1351
69617
58967
1346
2676
125741
32319
5701
5703
71926
89201
34977
42588
71942
42581
1362
21647
22975
5717
32303
125737
1358
5719
121377
5714
71934
5716
22988
136448
21653
69637
42571
69638
5728
125725
1369
120033
1365
120034
5722
70615
12701
33624
5727
22954
41230
22956
70635
158642
158643
41235
41232
124474
116842
116845
41236
124471
33611
128829
30587
56332
4402
89259
5735
4405
5736
4406
5737
10974
42553
158638
4420
41222
158635
158636
22960
83942
10988
1388
116841
147996
30571
28267
4412
4413
10980
34937
158640
158641
5748
29590
34933
70656
158665
4432
5763
3100
120097
81308
34921
28232
128808
57687
55026
4428
37185
112458
5770
17592
112455
136402
21619
145364
150707
150708
61704
56368
3108
29571
123107
500
61709
124435
501
124432
3102
4435
506
30558
34911
27805
5781
4451
5783
4454
11460
3121
95052
22116
116890
10139
8808
127538
76783
510
511
513
127534
4444
193040
4447
54513
88760
5791
8821
11471
32394
3132
31063
74121
22126
24787
74120
22128
3129
51494
522
523
31066
88756
525
526
4456
11473
87424
527
11476
8811
55856
528
8812
4459
115533
3141
3140
23426
531
3138
32386
533
86125
4467
36741
128844
45690
538
8822
539
18087
4485
44355
4487
74148
74145
24763
123154
181051
32375
548
36731
53215
12788
11458
35407
53219
7508
36736
105312
4496
18055
19388
80836
3165
127584
118628
95098
55883
74150
33699
11426
55882
11428
556
53222
8846
11420
7515
53227
55888
11423
36722
11425
105307
137792
23418
67871
33680
66549
33681
119945
23412
562
114263
114264
78511
568
10100
120934
19368
20356
66557
8876
19363
570
571
24712
195644
74171
574
31015
576
114253
578
12739
120924
6209
11403
32349
7550
71910
65230
18048
6220
8881
44314
3199
127553
583
12746
34994
114242
114243
34992
31000
79866
71905
78539
11412
71903
66560
71904
57617
7561
8897
74996
26435
590
592
593
25108
595
22070
596
84329
598
58037
599
38428
6241
132862
73674
93260
72341
132866
58041
120851
119874
126159
6251
10071
6254
97655
6258
97658
48686
34044
97654
27743
34049
34048
83014
144853
83013
13107
39738
34032
83007
120831
35367
83005
52766
86994
39727
76718
6274
6278
36681
9305
64750
9303
34029
24690
35357
35354
84363
64760
58082
49988
109640
109641
72389
58088
26404
26406
120897
76730
36674
9308
9309
44293
39701
55818
39703
109639
6295
9321
129223
9324
36662
27700
24673
95034
72393
131507
58096
34006
24672
129219
36667
55826
8000
11371
9338
49964
74106
71079
11372
36651
23353
32294
24684
95023
74101
32290
67818
35326
24681
119898
23352
11377
11378
37173
154246
8016
37179
154249
77190
43855
81209
37171
30542
29544
25188
2704
8024
37165
71895
28228
10939
42517
29558
42512
31861
122632
10947
37169
2718
10941
121307
37154
18871
89190
30521
26493
30527
59309
69584
158630
18882
43825
43828
8042
62966
29530
1400
86911
28201
37148
1409
179545
30514
2736
68279
17521
196080
189788
8050
56295
29503
193806
8053
56292
189786
2745
120021
1419
120029
2748
73637
31817
95886
107061
193814
29515
95881
34097
59332
25159
8064
9395
29519
107062
147910
58007
2755
46077
68283
31827
1429
1428
68284
52709
31807
37110
187107
31808
26457
34082
2766
143567
143566
31816
81274
31815
181804
179510
73639
73653
181811
8082
108373
143581
5808
27790
123986
143576
17517
14487
52725
110149
114507
39075
159419
159418
159417
8091
8097
180010
31112
5818
122125
124784
11500
31117
41391
112795
1470
123450
182684
31104
5829
2798
2796
12849
147435
57753
5822
127808
33767
5826
18115
70730
68414
52070
33754
1479
124762
32429
28390
158110
41365
68424
18123
124760
15094
76031
109140
12825
98291
32419
4516
4517
33746
45710
69763
41356
155016
41354
5862
3200
41358
41357
81405
81406
16390
189269
28372
4521
5853
4523
33738
32408
33736
19427
70765
69774
155006
42671
158998
3210
115864
144370
56467
28386
601
4532
604
4534
88038
605
607
4539
19401
70776
16377
40001
5884
4553
69788
40004
56474
27026
3214
28355
8900
93406
102536
16385
5890
4560
4561
90377
39005
56481
3233
20409
56482
56480
3229
33700
27036
33705
8917
4559
33704
67130
33702
48869
48868
27926
4572
27921
125245
23566
74231
34227
3236
633
3235
34222
113266
48860
4566
8922
43170
4580
4584
4585
11593
66626
66625
67956
126561
3250
48859
34216
76891
34215
35544
114583
114585
3245
646
7602
4576
4579
34219
22217
4593
184434
8952
4594
44485
4595
66634
8950
3266
3265
24871
125220
31172
66636
22215
50292
10231
7614
7616
12899
34209
12896
7618
22229
44474
118913
23557
118914
23558
10249
662
105619
126536
152887
3267
152886
4598
668
4599
36852
11574
11577
105615
35527
158125
6311
7641
20494
44465
3288
24850
53340
32485
3279
11544
12876
91609
6320
7650
7653
66666
6322
24861
23534
682
32477
10220
8978
92924
6319
86253
35506
11556
36835
5000
7661
5001
5003
6335
74290
32463
116311
11522
86284
23517
7673
40073
5014
5015
23510
99583
24844
151517
53373
32450
125246
7668
10200
6338
89300
6351
5021
71127
6355
38540
5024
31905
13243
71126
38542
105597
34187
26558
27889
79099
142530
34189
116258
22197
5017
13247
37214
5018
180818
6364
71138
6366
116238
116239
142543
52862
142545
142544
52860
52865
141216
13255
17617
142549
141217
52869
17611
51536
5045
46147
5047
6379
38520
95110
71143
25201
118889
34162
71140
26539
40839
52872
52877
51546
38525
133612
6388
6389
34153
116215
5050
6382
141232
34157
52881
52887
52885
47462
13239
39846
109935
39848
5064
6397
48788
187407
71163
71161
39839
87518
119325
39834
50237
13207
36792
9434
34132
35460
5072
76856
158088
5086
108645
74217
74216
75545
71187
22134
5080
63569
22137
27824
71182
116274
34128
71180
116276
116275
116278
31097
83179
51586
22131
34122
86203
2806
86201
2805
10158
116270
131870
74228
74227
11494
74226
71199
26502
5094
2810
116265
14523
44391
8133
29669
8130
2822
119367
124703
141287
31994
31990
28333
15026
190213
89298
8145
17696
195916
28348
61734
28341
27011
118025
1500
31983
79004
30659
30658
30655
1507
30656
16330
8155
94663
37275
156325
8159
29647
42629
1514
28313
29642
118016
49253
2847
158990
1515
37267
108690
1522
31961
2859
1527
120317
8179
30619
29623
26593
123414
192831
1531
192832
124741
81372
30627
1538
2869
1537
2868
38574
28303
120383
79044
1546
1543
1541
37248
16328
13261
107398
13263
40880
43913
120371
8195
5915
1557
1556
120363
84422
121693
2883
26575
2882
120365
30603
39897
13267
34190
71114
180842
157604
13274
72441
79061
165226
165223
34193
84416
124714
1567
84417
85744
26584
29610
167887
18969
13278
5923
68511
23605
24939
68515
20573
24938
44541
1582
82815
11626
11628
76148
125995
4600
4602
4603
4604
4605
24946
45864
24947
43204
23618
69857
24949
1594
24941
24943
5949
148648
11637
12967
5941
5943
5944
31229
32557
88111
5947
4616
70836
88110
44521
44524
113993
68539
33875
57886
173616
11606
33872
11608
5952
31216
40160
4625
19577
39167
64189
4640
5972
19570
31201
11613
3305
32531
56568
11617
4631
5962
5963
4634
4636
31204
11612
31207
19544
90484
5980
67228
103772
41479
67229
81528
81529
189147
145566
28496
55244
145564
28494
3314
123376
28498
55246
123377
33859
5976
64190
4646
716
4649
39142
69894
40134
3331
76173
76176
33841
56585
722
82852
4653
5984
32519
5985
724
39149
33848
33849
33846
67231
4659
32514
19524
16497
109059
41458
150938
150936
2009
150935
82887
33830
27145
82885
4664
5995
4665
4666
4669
4681
68585
132286
4682
4683
41443
3354
3351
3350
2014
3345
3344
39128
33829
4679
749
132294
26718
10370
7720
34340
114468
3362
26713
95296
13408
38706
34348
38708
2028
95292
78721
78720
53423
23681
35673
2024
78722
4686
4687
101147
10378
33019
10379
160355
10382
3376
66746
3372
127771
34338
33004
33001
10385
43282
10388
36998
14745
47635
74379
6411
31292
31291
31293
23665
131828
3380
35658
770
34326
34323
31296
3379
2048
776
10351
54779
10354
10355
35659
6408
22349
26705
7750
36970
65437
2066
2065
31282
36979
31288
122057
31287
36971
36972
7747
152760
11697
34319
34318
10368
24979
23647
47612
7761
22319
5101
5103
73068
24970
64119
24972
74397
24975
47619
24977
23645
24976
11668
34304
3399
174960
11660
6424
106877
10331
36964
7759
11666
2081
22327
2080
47601
64122
5111
5114
24981
66789
2082
35625
36957
10348
36958
118861
174959
24980
109916
5105
36951
11673
43240
194581
61097
11678
36955
36956
24957
24959
24958
65468
65469
24951
24953
24952
24954
125140
32588
78782
52151
35610
125137
88106
5117
10310
105523
5118
70807
10311
12976
10314
70803
24968
5131
24969
139758
68502
158019
105542
114477
24962
24961
126463
24963
24966
24965
36935
73094
35601
32575
152726
53494
32576
78775
127789
106867
35608
86397
193232
11655
12985
86395
106869
29709
17720
109834
6475
72575
71244
71245
36002
72572
25348
26674
25343
36004
36003
12035
13368
52976
151365
51647
52977
105482
39980
39983
26687
29711
34293
6481
118783
118784
75609
106781
106780
71266
6499
39972
12010
25323
25325
6490
25328
149078
83257
51663
25320
22296
34287
5159
12012
109807
176683
12020
8204
129412
8203
39961
14682
134828
34274
34270
26663
167723
39968
113075
39967
12027
46250
188619
46248
9541
74315
9544
35595
26631
34261
22272
76983
119206
76987
38623
8207
13322
13327
8223
99609
99608
185595
116166
35588
34257
22283
76976
2913
39948
105495
9568
35573
22254
66715
155716
163330
163331
26615
13309
13307
10274
2927
8244
26628
9576
74341
50380
13318
13319
10286
128117
134876
93432
39112
42760
70791
40103
79131
134879
36085
41438
55161
49391
79134
28452
49390
79137
29787
24098
27123
33817
49399
49398
49397
39118
49396
49395
1615
49394
1614
49393
8266
36070
178441
39104
101957
27132
1622
1620
27135
79128
27136
60520
28465
79129
49389
49388
49387
49386
49385
49383
12092
37395
12094
108563
12098
49379
37390
8272
60527
36061
2964
1631
2960
24077
58214
49378
68496
2969
68495
8287
157526
17791
37387
17793
36055
79140
79142
79141
79144
42734
24082
79146
150901
30752
1641
2972
27114
28443
15139
82793
1648
1647
88099
37371
17762
93475
29746
155779
1657
119289
81496
36049
1651
1650
124620
12078
52935
52939
12081
17773
48019
25399
36031
29759
24062
29753
28423
81486
52942
37368
52943
52946
71229
12050
52949
64930
63601
29722
26699
79197
63604
166441
119267
125933
1674
29720
120242
13387
4700
49331
4703
153140
12060
71239
13393
12064
12066
24047
28409
113945
83208
24041
25374
36017
1684
83203
12068
13399
12069
30710
4714
16428
18376
82939
52293
52290
4727
11745
56655
4729
29021
56657
52298
29025
52299
4720
30028
10410
10412
17054
18383
22400
22402
76251
30013
76252
3401
3400
4735
10421
40290
19689
67320
179284
4750
67324
43310
108048
29007
29002
3417
76286
76287
32663
33991
4742
4744
4748
134382
18367
67337
161980
29019
114711
108050
10406
3426
33983
10409
4752
4755
4771
113456
3440
168573
2105
830
32640
11707
113461
70989
68687
41581
4781
4782
18341
41584
121074
11709
3451
121076
143284
21998
44615
32633
11714
3447
11716
842
11718
179209
4774
33965
4790
68696
135669
4792
4793
15286
3464
3463
3462
108081
55383
108082
21964
55386
79357
2126
4785
4786
4788
32628
179238
859
33954
72723
138701
81667
122378
4796
868
72719
100181
100183
7840
42088
10492
34462
3485
33131
2153
25502
3480
154807
33139
34468
175739
3478
87799
115202
87797
6504
14851
61161
6507
7838
6522
6521
64202
35781
2164
162410
124143
3492
3490
34459
14869
22482
887
33122
12200
61178
150440
6516
43399
66870
6531
43395
47753
6530
43397
116502
30083
154828
35777
33114
77530
2169
2168
3498
6523
43393
43394
61186
78869
77539
6528
6527
6529
105847
6540
124122
66888
23799
77521
77522
6535
10484
157096
10483
89502
56609
7867
61196
34439
29094
66893
66894
46402
5220
6553
6554
23761
2197
2196
47739
69928
10459
34425
52253
31398
35755
115241
30069
70908
31396
6546
10451
137431
78889
137430
6547
11783
6549
35758
10456
26805
6563
6566
26802
78870
35744
29076
35743
30053
35741
52268
11794
11799
29073
10468
85165
10467
6571
6570
6572
5243
5244
29046
52272
35730
76247
55302
5236
5237
5238
10433
17079
5254
103242
47706
82901
35724
78892
52283
76232
78896
52287
5247
6579
10441
55316
35725
14800
75728
6592
6597
5267
94008
6598
166744
29828
33093
29826
29820
24131
120507
9619
9631
5274
12163
70046
5277
24145
33086
33081
185035
29831
28500
51770
116488
37444
174354
30814
9629
5284
5285
29808
95356
13463
21089
49414
29805
5280
29804
157819
61109
119502
127118
24110
119500
142797
9639
8306
45051
13470
154771
9651
5298
49403
63773
12142
63774
71399
33065
33062
75751
63777
33063
127111
34391
124084
141472
141473
61113
145838
37423
12146
9648
8317
84695
174379
12148
9661
8336
34384
130754
34382
149379
26758
86429
33058
78800
26750
37411
137398
47695
45030
82065
106239
37414
136062
8343
53509
8341
47686
73115
24101
33040
34370
26760
26762
7008
13456
1708
37402
1706
47674
10393
75787
26731
34363
62478
183263
22377
8351
26734
26737
112902
1711
34369
13429
34367
34366
78822
85117
10398
121856
78829
26749
45008
7039
48994
33021
95388
127156
26746
9692
61159
1727
78819
20610
132574
41558
124942
164172
124940
1739
1738
33934
176146
1735
72606
176145
73956
39222
33918
36193
112956
27250
124930
1747
30898
73947
36188
29882
30882
29881
28551
29886
15249
33913
1759
16581
127193
156557
41522
188129
79263
7074
1767
124910
29897
1763
1762
84611
30878
49485
1769
1768
12192
71326
41510
24178
29867
1780
27206
124992
59685
63700
37490
123657
1777
141482
30861
29862
84645
49477
152134
30864
152133
69002
4801
4803
152151
70005
70007
70002
72665
70003
79281
58363
109363
42838
63713
79286
63707
123647
4817
1786
4819
1783
4810
4811
4814
50405
153497
29843
70010
36140
82007
1798
24152
36148
24154
145865
82005
37477
12178
48123
133891
4824
15207
178783
75716
95307
71356
30827
16542
156515
30829
63731
28523
29854
4838
124956
145873
4839
120599
24166
900
4831
4833
30831
132570
173087
4836
159536
63065
4850
4848
34502
194777
35831
29149
56772
30143
146216
35839
914
89697
88366
63060
35836
919
111588
17174
17175
159526
22523
3526
29153
3522
14906
123563
11870
111593
11874
102646
3529
29150
4858
3528
67444
124891
124889
148896
931
2200
138621
4864
4865
44752
111566
2221
2220
3550
29134
30112
30114
30113
4873
10523
102626
39394
67466
39397
4890
39396
66133
39399
4892
39398
3563
29109
39391
39392
32764
7917
30103
32763
2225
3555
127976
3553
26079
4884
31439
957
30105
32768
959
66131
30107
40373
39383
39386
39388
39387
72820
23818
66147
39389
3574
2242
126641
60838
7928
54166
2235
2233
7921
4896
92443
39379
66159
58536
6608
3578
115981
974
2245
27387
57208
7938
6606
51905
72842
2263
114636
26065
982
126613
27397
2255
114641
32739
66163
71507
66970
100062
65642
66974
7960
14970
5300
47894
5301
74598
74595
22598
73262
991
992
76300
3598
117743
3597
999
76309
13644
66981
24308
66980
6641
47886
7971
5311
100076
5312
47884
65654
26964
2283
73274
73272
34579
152989
77620
152987
77622
5302
77624
7964
6636
91917
5308
5309
6639
7981
47876
66991
7983
5322
125343
34566
78985
10594
5316
7979
13622
7990
46536
112019
25619
7992
5330
7991
5332
5333
47861
127991
47869
33226
125329
125327
33224
125328
30195
127986
5325
76316
5327
5329
4010
5343
5345
30183
35877
76341
35876
7998
29180
89655
5338
68720
185878
5351
5353
9712
75019
5355
22561
22566
117770
34534
29197
117771
117773
30176
76336
56741
5348
192162
34537
5364
138658
31490
30160
81702
76360
34523
34522
108811
8403
34513
31486
34512
81701
104
30154
106
54102
109
4039
104445
158261
34518
56768
11897
89661
8410
5384
49558
128355
4056
8411
30939
96782
71485
28617
111
115
51880
51887
150276
51888
128340
128341
38890
4066
5397
30926
45188
9753
28625
123
51890
124
128
51893
82130
51896
48211
8418
61210
84795
51898
51897
16649
51899
9762
75869
4078
75865
9765
13582
49533
75862
155999
4072
136
8429
37555
104357
108731
108732
30907
45168
108730
28602
33185
33184
162278
4080
141
4082
142
29935
143
1800
1807
108729
180922
45165
8438
38878
103095
73229
74556
107455
151
65605
25546
1810
158
175535
26872
45152
37533
78922
54954
1816
13568
127052
9796
9794
131973
99847
66946
34493
131976
160
34490
127054
29913
94153
65609
26881
7148
34484
73244
34483
26851
33151
34480
175
13549
179
91908
179917
53644
85230
14877
45129
7158
65630
21176
73258
66968
181
26865
65637
182
184
26866
66969
1843
189
34478
47782
1848
151594
37504
7165
39351
176030
136811
67386
191669
190
191
8491
28693
81694
145767
57103
176028
18421
19755
127094
127092
156415
191670
54088
57118
48290
145777
27376
71408
132472
1867
40322
96721
127089
127088
165396
4903
54099
4907
26011
28673
57126
39336
38006
19723
32700
4902
71437
92359
72765
1890
26026
107483
40318
59790
28682
143135
4916
169744
4918
27356
165390
4911
4912
4913
1889
30997
18406
110227
42962
70114
112882
24299
57142
42963
36282
4925
29981
4926
29980
1898
83439
4928
122205
4929
57145
83433
124863
1893
24298
124862
4920
4922
19701
49592
4924
41620
112873
41624
29999
36275
36273
26009
42953
30970
4937
3602
4938
29990
4939
84754
178636
4930
4933
4935
106189
71469
49579
28635
41612
41610
28638
82120
4942
4943
4944
30962
4945
42934
36254
29976
78094
78099
83448
3625
145752
24283
83443
24287
4951
4952
4954
4955
178651
